-39.419892196618505, 175.40378460766155
-37.78225907989973, 176.32241513852773
-45.861464469975054, 170.62723013901086
-35.26757191893712, 174.08067958072073
-41.290089477988545, 174.78198210804393
-45.015385609223365, 168.83640044085115
-38.68591466850059, 176.0733782760857
-34.42660780701521, 172.67755159983807
-43.59343245007384, 170.14263418522816
-44.667523415646365, 167.92723896203972
-43.449039153041575, 169.912778577542  
-40.82099344481859, 172.90280731914393
-34.71862298702722, 172.92841449951413
-37.624928409140075, 176.17210473841354
-39.482058962013646, 176.8961096683841
-38.260386036046164, 175.1035930728195
-40.35550600489871, 175.61205697107178
-43.53127345402607, 172.63689478638588
-41.28410334353405, 174.77509975573466
-36.788897387955, 174.86693553295459
-39.06315176234152, 174.07994921140428
